53
3 9 3 14 2 11
3 1 3 7 2 2
6 1 6 6 2 11
9 1 15 1 0 3
12 3 12 6 2 11
9 2 9 6 2 2
18 1 18 6 2 2
18 5 23 5 0 11
25 1 28 1 0 3
30 1 30 6 2 11
34 1 34 6 2 3
37 1 37 7 2 2
3 16 3 22 2 2
1 22 5 22 0 11
2 25 2 30 2 2
2 30 7 30 0 3
2 33 2 38 2 2
5 33 5 38 2 11
11 10 15 10 0 3
11 14 15 14 0 3
11 16 11 21 2 2
13 18 13 23 2 11
11 25 11 28 2 2
13 24 13 28 2 11
16 10 22 10 0 3
21 9 21 13 2 11
26 10 26 14 2 2
25 12 31 12 0 3
31 16 31 21 2 2
25 19 31 19 0 3
25 19 25 23 2 2
17 18 21 18 0 3
17 21 21 21 0 11
8 30 15 30 0 3
16 30 21 30 0 3
19 25 19 28 2 2
25 29 31 29 0 11
34 26 34 30 2 11
38 24 38 30 2 2
34 16 34 21 2 2
33 20 38 20 0 3
38 19 38 23 2 11
37 8 37 13 2 2
34 10 34 15 2 11
8 35 13 35 0 3
10 38 15 38 0 11
17 33 17 36 2 2
20 33 20 37 2 11
20 37 24 37 0 3
27 30 27 37 2 11
27 35 32 35 0 3
34 33 34 37 2 2
36 33 36 37 2 11







