56
3 2 3 6 2 5
3 4 8 4 0 3
9 1 13 1 0 11
12 2 16 2 0 3
19 1 19 5 2 7
22 1 22 5 2 11
27 1 27 5 2 7
25 7 30 7 0 3
29 1 29 5 2 11
33 1 33 6 2 3
35 1 35 4 2 11
38 1 38 6 2 3
37 11 37 14 2 11
34 11 34 15 2 7
33 18 33 22 2 3
36 18 36 20 2 11
38 18 38 22 2 7
37 24 37 29 2 11
34 26 34 30 2 5
36 29 36 34 2 7
34 34 34 38 2 5
31 36 36 36 0 3
29 25 29 30 0 7
26 18 30 18 0 11
26 21 30 21 0 3
28 11 28 17 2 11
23 12 27 12 0 3
22 10 22 15 2 7
17 9 22 9 0 11
10 6 15 6 0 3
9 9 9 14 2 7
12 10 12 14 2 5
9 15 9 20 2 7
11 18 11 22 2 5
13 18 13 22 2 7
6 10 6 14 2 7
3 10 3 14 2 5
6 17 6 22 2 11
9 25 9 29 2 5
11 25 11 31 2 4
11 32 11 37 2 5
9 36 14 36 0 3
16 33 16 36 0 7
19 34 19 38 2 5
22 34 22 38 2 11
25 34 25 38 2 5
17 25 17 30 2 11
17 27 22 27 0 3
22 22 22 27 2 7
22 16 22 20 2 11
18 11 18 14 2 5
17 16 17 21 2 11
2 17 2 21 2 5
2 26 2 29 2 5
2 34 2 38 2 11
3 36 9 36 0 3
