60
2 2 2 6 2 2
4 2 4 6 2 1
10 2 10 6 2 2
11 3 16 3 0 3
12 5 17 5 0 3
19 6 24 6 0 3
19 1 19 4 2 1
22 1 22 4 2 2
26 1 26 5 2 2
27 3 32 3 0 3
34 1 34 5 2 2
37 2 37 7 2 1
37 9 37 13 2 2  
35 10 35 15 2 1
35 16 35 20 2 1
35 22 38 22 0 3
33 25 37 25 0 3
33 27 37 27 0 3
33 29 33 34 2 1
35 34 35 37 2 2
37 34 37 37 2 1
24 33 28 33 0 3
28 33 28 37 2 2
30 25 30 31 2 1
30 17 30 22 2 2
30 9 30 15 2 1
25 9 29 9 0 3
3 8 3 13 2 2
1 17 5 17 0 3
5 18 5 22 2 1
4 19 4 22 2 2
1 18 1 23 2 1
1 25 1 30 2 2
3 30 7 30 0 3
3 25 7 25 0 3
27 11 27 16 2 2
27 17 27 21 2 1
23 20 28 20 0 3
20 18 20 22 2 2
21 10 21 13 2 1
17 15 22 15 0 3
19 9 19 13 2 1
11 11 16 11 0 3
9 11 9 16 2 2
9 17 9 24 2 1
11 17 11 21 2 2
13 17 13 21 2 1
11 26 11 30 2 2
13 26 13 30 2 1
10 33 15 33 0 3
20 27 20 31 2 2
18 27 21 27 0 3
17 33 22 33 0 3
18 35 21 35 0 3
18 37 21 37 0 3
6 33 6 36 2 2
2 34 2 38 2 1
3 38 8 38 0 3
10 35 10 38 2 2
13 35 13 38 2 1







