63
2 1 2 6 2 12
3 2 7 2 0 3
2 7 7 7 0 3
8 6 14 6 0 12
9 2 14 2 0 3
19 1 19 4 2 1
22 1 22 4 2 4
26 1 26 6 2 1
26 3 30 3 0 12
30 1 30 6 2 4
34 1 34 5 2 4
36 1 36 7 2 12
38 10 38 15 2 1
38 16 38 20 2 4
36 17 36 20 2 12
1 9 1 14 2 12
4 9 4 13 2 1
7 9 7 13 2 1
8 9 14 9 0 3
11 10 11 15 2 1
17 6 17 13 2 1
17 11 22 11 0 12
20 10 20 13 2 1
9 17 9 23 2 12
12 19 12 22 2 1
9 19 15 19 0 3
1 17 5 17 0 12
3 16 3 21 2 1
1 22 1 29 2 3
4 25 4 28 2 1
1 31 7 31 0 3
8 31 12 31 0 12
12 25 12 31 2 1
14 25 18 25 0 12
17 27 17 30 2 1
18 28 23 28 0 12
26 26 26 30 2 4
29 26 29 30 2 1
3 33 3 36 2 1
3 35 8 35 0 3
10 33 10 37 2 4
13 33 13 37 2 12
10 36 15 36 0 3
18 33 21 33 0 12
20 35 20 38 2 1
20 38 25 38 0 12
25 34 29 34 0 12
27 34 27 38 2 1
27 38 34 38 0 3
35 33 35 36 2 1
37 32 37 36 2 4
37 26 37 31 2 1
33 28 38 28 0 12
33 22 33 29 2 1
29 22 33 22 0 3
26 16 26 22 2 1
21 22 26 22 0 12
31 12 35 12 0 3
29 10 29 14 2 4
26 12 26 17 2 1
21 16 21 21 2 12
19 18 19 22 2 1
13 19 17 19 0 3



