67
3 2 3 6 2 9
5 2 5 6 2 10
6 4 10 4 0 3
11 2 11 7 2 9
11 3 16 3 0 10
18 1 18 5 2 3
16 7 21 7 0 9
20 1 20 5 2 10
20 1 25 1 0 3
24 1 30 1 0 10
30 2 30 6 2 10
26 3 26 6 2 9
32 3 37 3 0 10
36 1 36 7 2 9
38 10 38 15 2 10
38 16 38 19 2 3
33 19 38 19 0 9
35 18 35 22 2 10
11 6 11 10 2 9
9 10 13 10 0 3
13 10 13 15 2 9
2 12 7 12 0 3
3 11 3 16 2 9
2 21 5 21 0 10
2 18 5 18 0 9
2 25 6 25 0 3
2 25 2 30 2 9
6 26 6 30 2 10
2 32 2 37 2 9
4 33 4 36 2 10
2 38 7 38 0 3
10 33 10 38 2 9
12 33 12 38 2 10
14 33 14 38 2 3
15 33 20 33 0 9
19 34 19 38 2 10
20 37 25 37 0 3
27 38 32 38 0 9
34 34 34 38 2 10
36 33 36 38 2 9
34 26 34 30 2 10
36 26 36 31 2 3
8 30 11 30 0 3
11 24 11 29 2 9
11 25 15 25 0 10
14 26 14 30 2 9
16 30 20 30 0 3
11 18 11 22 2 10
13 16 13 21 2 9
16 11 16 15 2 10
17 10 21 10 0 3
19 12 24 12 0 10
25 9 25 14 2 9
26 12 30 12 0 9
27 11 31 11 0 3
34 12 34 14 2 9
25 18 29 18 0 3
30 20 30 22 2 10
27 20 27 22 2 9
25 20 25 24 0 3
16 24 19 24 0 9
20 26 24 26 0 3
27 27 27 30 2 9
29 27 29 31 2 3
28 33 28 36 2 9
26 33 30 33 0 10
20 18 20 22 2 10

